//---------------------------------------------------------- idle state ----------------------------------------------------------//

[2026-04-04_00:49:35:922]21424 26992 26590 26606 26017 24748 22321 18362 15496 13823 12671 12274 12951 15006 17732 21027 23923 25500 26797 27094 26391 25173 23193 20295 16274 13651 12651 12567 13075 14726 18430 22126 24385 26370 27040 26953 25659 23100 19239 17169 15431 13706 12515 12768 13715 16700 20765 23920 26474 27219 27313 26713 25393 22455 18703 16337 14264 12942 12526 12751 14717 17100 20702 23736 
[2026-04-04_00:49:35:960]ASAT: 0
26086 16176 19169 18629 21180 23550 25843 27013 27032 25922 23526 21685 18345 15423 13049 12669 12271 12879 14120 17339 19874 22672 25650 26711 27155 26733 25032 22669 19883 16929 13553 12634 12610 13816 16719 20188 25105 26637 27279 26237 24646 21852 17992 15616 13180 12621 12582 13392 16871 20537 24172 26038 26875 26932 25819 22551 19429 16822 13804 12794 12716 13642 15858 19512 
[2026-04-04_00:49:37:229]ASAT: 0
23911 14678 18753 19583 22540 25152 26807 27096 25490 23544 19734 17233 14351 13056 12578 13227 15458 19697 24277 26245 27087 26354 24391 22045 19422 17145 13912 12692 12538 13196 15869 19372 24401 26228 26991 27142 26587 24189 20849 18136 15146 13365 12595 12889 14707 17503 21379 23886 26100 27010 27238 26207 24038 21180 17599 14222 12683 12430 13386 15735 19662 24689 26524 27354 
[2026-04-04_00:49:38:501]ASAT: 0
26949 25942 27021 27101 27062 25382 23306 19749 16013 14004 12929 12494 12583 13480 15679 19015 22016 24614 26735 27038 26863 25164 23165 20863 18068 15258 12923 12636 12381 12871 13937 17220 21222 23547 26302 26931 27259 25852 24232 22666 19239 16523 13765 12537 12337 13949 16079 19139 22258 25099 26948 27036 27337 26459 25298 23105 19911 17089 14670 13416 12748 12587 12958 13584 
[2026-04-04_00:49:39:784]ASAT: 0
15479 2 12816 12605 12543 12545 12865 14381 17250 22283 26159 27308 27054 25827 23397 18999 16041 13961 12939 12503 12731 14683 16895 19178 22193 25166 26851 27059 26570 25013 22245 18801 14984 12658 12525 13342 15403 19199 23421 26709 27007 26777 25737 23590 19452 15950 14233 12747 12598 13008 15288 18509 22634 25283 26813 27122 26100 24669 22160 19582 16777 13906 12633 12728 
[2026-04-04_00:49:41:040]ASAT: 0
13267 13592 2 13047 12792 12588 13769 15710 19929 23525 26038 27112 26598 25176 23854 21581 17939 14398 12972 12547 12961 14050 17681 21776 24524 26550 27130 26758 24450 22498 19445 16709 14127 12915 12438 13531 16668 21248 24433 26815 27256 26449 24863 23397 19685 15502 13185 12570 12933 14161 17815 22728 24390 25941 27033 26946 25812 23397 19781 16960 14151 12796 12763 14260 
[2026-04-04_00:49:42:281]ASAT: 0
17109 12304 12362 2 12811 14152 16694 20582 23675 26372 27014 27141 25753 24079 22151 18689 15564 13377 12573 12666 13191 15034 18918 23007 25639 26999 27063 26083 23612 20856 17100 14202 13088 12556 13149 14570 17641 21080 23770 26432 27043 26793 25497 23134 20893 17553 14464 13149 12706 12564 12854 13437 2 16139 18434 21722 24383 26513 27127 26672 25329 23093 21540 18872 
[2026-04-04_00:49:43:536]ASAT: 0
15926 23182 21635 22166 20471 18014 15910 13696 12448 12457 13116 14901 17537 20528 23370 25361 26635 27375 26456 23859 21857 19006 16619 14295 12650 12719 14002 17144 21205 24097 26640 27400 26511 24999 23708 21227 17148 14625 12887 12476 12360 13346 16578 19959 23937 25738 26979 27089 26950 25787 24363 22135 19479 16964 14366 12852 12598 12533 12904 15173 18812 21933 24699 26440 
[2026-04-04_00:49:44:809]ASAT: 0
27148 21974 24297 24207 25902 26865 27162 26023 24266 21795 18180 15990 13411 12616 12331 13171 13904 16545 20966 23848 26233 27001 27168 26097 23995 22068 19467 17088 14906 13009 12512 12969 14079 16941 19784 23799 26218 27098 27435 27141 26264 24246 22779 21009 19104 16586 13749 12802 12296 12675 14190 17133 22262 24226 26440 27225 27344 26161 23407 21291 19167 16623 14369 12859 
[2026-04-04_00:49:46:077]ASAT: 0
12507 15755 13858 13622 12595 2 12609 12871 14932 17593 20471 23535 26280 27263 27065 26781 25499 23125 19478 16487 14711 13067 12577 12641 13538 15663 19143 22944 25472 26922 26845 26403 24315 21998 19414 16324 14909 13419 12542 12312 12824 14115 15561 17666 20353 23465 25876 27038 27334 26473 24989 23140 19703 16924 14477 13178 12581 12702 14333 17597 21470 24817 26454 27117 
[2026-04-04_00:49:47:334]ASAT: 0
26541 25757 26704 26938 27202 26337 23201 20682 18714 15956 13877 12754 12661 13446 2 15022 17946 21398 25019 26844 27214 26663 24936 22265 18529 15785 13576 12703 12229 13139 15714 2 19724 23157 25490 26882 27147 26252 23790 20372 17015 14445 13018 12571 13508 15766 19073 23444 25555 27016 27020 26056 23972 21742 17658 14057 12741 12572 13238 15114 19632 24109 25804 27305 
[2026-04-04_00:49:48:576]ASAT: 0
26753 25687 27053 27257 27022 26133 22861 19574 15769 13031 12215 12992 14968 17522 22156 25710 26957 27385 26527 25141 21773 19169 17205 14589 13195 12557 12825 13859 16528 19462 22240 25995 26905 27274 26166 24646 22887 19124 16418 14227 13291 12593 12854 15191 17314 19999 22387 25247 26628 27414 27136 26202 24448 22315 18182 16531 14160 12519 12253 12959 15605 18986 22632 25502 
[2026-04-04_00:49:49:845]ASAT: 0
26524 20342 22626 23738 25526 26789 27402 26458 24417 22416 19982 16817 14522 12798 12479 12931 14645 16887 21044 25257 26053 27321 27290 26389 24498 20885 18140 15389 13877 12642 12730 14094 16573 19847 22246 25008 26409 26951 27134 26843 24839 21553 17990 16019 14634 13262 12603 12737 13721 15634 17717 21861 24273 26781 27100 27101 25967 23747 20093 15613 13940 12363 12497 13356 
[2026-04-04_00:49:51:127]ASAT: 0
15893 12493 12534 12611 14237 17191 22122 25252 26825 27340 26941 25523 22300 19236 17083 14662 13013 12580 13867 17208 20884 24109 26138 27162 26472 24310 21240 17655 14836 12851 12553 12905 14612 16653 19600 24442 26721 27049 26858 25836 23163 18830 16049 14368 13062 12390 13116 15893 19476 22927 24863 26509 27061 26853 25060 22848 19797 16362 13835 12562 12378 12586 13324 15571 
[2026-04-04_00:49:52:397]ASAT: 0
2 20306 12590 13074 12961 14341 17126 20923 24260 25941 27316 26928 26057 23963 21353 18981 16589 14507 12610 12572 13333 15560 20094 23788 26797 27086 26205 24413 21296 18442 14770 13139 12654 13053 14437 18173 22311 24661 25969 26771 27036 26260 24237 22115 18396 15447 13672 12557 12770 13749 16171 20431 24565 26573 27144 26691 25749 23226 19463 15320 12956 12650 12658 14419 
[2026-04-04_00:49:53:664]ASAT: 0
17582 12956 14018 14236 15867 18926 23289 26328 27494 26992 25860 24319 19757 16932 14202 12669 12334 13051 16155 19636 23806 26443 27250 26739 24767 21868 18945 15947 13557 12653 12574 14542 17505 20230 23931 25960 27516 26909 25655 23156 19629 16025 13700 12482 12238 13119 14764 19051 23044 25239 27010 27047 26717 24083 21031 18188 15137 13119 12475 13279 15308 19117 22684 25139 
[2026-04-04_00:49:54:937]ASAT: 0
26985 19127 21900 22268 24760 26432 27116 26138 25107 22839 20092 17443 14375 13004 12441 12783 14226 16412 20489 23711 26376 27262 27202 25955 23042 20655 18181 16179 14375 12887 12418 13813 15408 2 18211 22456 25287 27001 27180 26528 24689 22423 18287 15997 14583 12647 12316 12541 13237 13953 2 16082 18802 20785 22850 25282 26489 27029 26887 26451 25285 22796 20378 18255 
[2026-04-04_00:49:56:167]ASAT: 0
15957 25072 23041 23036 20721 17732 15076 13684 12614 12553 13331 2 14438 17328 20708 25258 26584 27275 26988 26351 24568 22720 20514 18492 16053 14207 12730 12508 12599 13218 14116 16929 21183 23909 26102 27108 26963 25599 23608 21930 18565 15635 14247 12855 12650 12417 13161 14688 17957 21739 23914 26115 26711 27174 26770 25624 23550 20823 18773 15906 13596 12373 12394 13154 
[2026-04-04_00:49:57:431]ASAT: 0
14578 12831 12634 12255 2 12448 12821 14090 15433 18236 22520 24435 26402 26842 26958 26223 24453 22680 19700 16944 14632 12823 12452 12664 13367 15796 19262 23447 26171 26802 27092 26971 25991 23772 21158 18386 15833 14286 12931 12581 13011 13812 15207 17737 22882 25584 27007 27085 26817 25491 21975 18046 14991 13641 12639 12311 13756 16980 20332 22751 24868 26768 27122 26474 
[2026-04-04_00:49:58:680]ASAT: 0
24101 27351 27297 27155 26525 24943 22704 20393 18040 15213 13177 12439 12641 13691 14703 17294 21864 24428 25807 26993 27306 26513 24788 22304 19182 16848 14786 13069 12415 12664 13416 14906 18021 21704 24710 25733 26890 27106 26946 24951 23475 20825 17934 15779 14469 12814 12475 12667 13886 16018 20241 24335 26322 26784 27106 26874 25195 22593 20336 17703 14828 12904 12519 13462 
[2026-04-04_00:49:59:955]ASAT: 0



30254 27873 54607 56794 2 326729 323748 343912 344496 344665 366216 371823 350239 331418 341754 347916 356568 347438 333061 323044 357161 347992 343798 343436 353373 357388 354251 352073 358839 379999 395084 387793 379787 373008 397275 411704 403667 1 122695 121455 128743 139551 153751 146514 122836 119451 117037 129290 120961 102031 90731 114592 117492 125761 95115 104030 98930 103568 92778 86834 62639 82182 93189 97711 
ASAT: 0
108720 107957 89504 70160 67607 106704 108784 97745 93490 125732 114633 108993 94301 104055 98803 101969 113769 108964 96987 91805 85081 91829 87279 81200 72197 67937 63262 60416 54913 45757 50657 43379 42693 26163 30880 41653 46466 33916 2 283988 285312 284180 291361 293426 350034 381091 374764 369446 367649 387329 406262 403501 393300 392516 406226 1 154475 139460 110413 114298 116204 141261 138963 123552 
ASAT: 0
102862 110067 122824 116142 126608 115237 127157 138463 138695 134969 130461 153769 135268 142605 135918 157253 159448 150572 127478 104222 102572 107839 110740 101620 103622 119054 117717 134424 149343 149812 156505 143685 130810 137741 147374 156754 155683 150713 131240 127378 143992 156782 144455 132992 130015 159275 180373 184105 185303 185874 171070 160015 151317 151803 145664 137888 122244 141238 169032 175484 165294 162775 163914 154597 
ASAT: 0
133045 137712 134138 113016 124887 128900 125613 97864 109616 113348 123051 114211 96200 106341 137287 142248 140932 122165 129348 119894 126331 123065 119460 111439 122277 129161 141454 147167 137233 144735 155037 159599 145791 129036 139390 157568 157314 153786 137981 137103 150394 147665 141710 135570 129814 139706 127168 115896 91962 86960 67783 57291 53215 60951 55901 60897 72213 66434 83699 87612 113580 125589 114116 108105 
ASAT: 0
97950 98050 107505 99351 85247 94050 95279 107673 100857 99260 101549 94457 88561 82385 107969 100584 96804 97002 115348 116172 126214 118020 122826 131633 130956 126679 132502 120235 125529 122639 127893 127127 109453 95224 95675 120183 121659 139740 146882 162971 143237 153380 161426 158306 176507 187397 180882 186995 201236 216105 231288 208599 200914 207791 217509 216368 208341 196210 208653 211509 201913 215417 213084 204902 
ASAT: 0
209587 223586 210724 209938 220631 213052 210377 210027 215156 213374 212071 206184 197878 200173 211660 198318 196580 199289 205220 213294 214068 206394 208843 216951 217917 215945 222156 227756 226274 227116 231469 225469 221743 233983 225805 211135 213059 218854 217651 222561 223627 214697 212339 230587 238956 235562 232419 227405 240379 245445 240705 240684 241491 241498 240639 248405 245746 246489 250003 255841 258889 265809 264540 262109 
ASAT: 0
258307 259656 265756 266903 266468 260930 263638 269850 274296 274264 271078 272982 265820 269975 263244 260321 251320 241853 242390 248592 237261 233189 234818 239111 234929 237193 239608 242565 242521 247339 242786 239626 248241 251028 252150 258938 254758 254142 255678 260114 257363 256430 247565 254601 254118 243940 233275 234081 245606 243726 240496 235868 238254 242933 240552 235565 220725 226896 243082 246956 235042 220131 227684 238819 
ASAT: 0
241564 229670 228363 230130 238453 241302 233058 237021 245134 250712 263134 255642 249353 259167 265114 264921 264208 253146 257972 265032 255867 255052 253772 264523 257182 253856 248877 256028 251227 247094 253114 265261 267777 265128 271345 271208 283076 274511 272940 268666 280585 266730 261882 259925 279917 281134 281038 276320 278409 285357 285522 284373 290320 291490 290380 298066 301397 300228 308131 304928 312549 308881 300268 296619 
ASAT: 0
292023 297478 296264 293851 297529 296003 293112 294102 290383 287793 288018 291545 292961 288504 282298 288951 292237 292679 292049 287642 285839 289199 290641 280519 271519 280739 290335 296794 298831 290340 287364 297611 294331 291192 284586 283180 275413 286610 279146 284241 283135 281632 280648 293556 290876 284920 294838 294840 294654 293799 294399 297368 292877 293732 297300 293973 297207 301763 294147 295650 297069 290100 282621 287234 
ASAT: 0
284947 285454 282563 271550 277796 290414 301737 307833 320579 317203 313628 307030 304585 311883 315982 321036 320572 323614 330372 331813 332037 329843 328608 330784 334837 335660 329363 324278 323398 325912 325340 327052 323079 321349 322723 328134 327383 323371 322418 325781 330122 336228 333399 329860 326800 331797 336457 332574 328984 331125 332954 332989 329300 329446 333231 329683 327475 327876 327588 327391 328376 325752 324623 329780 
ASAT: 0
335004 326380 328592 326052 329719 334369 334603 338108 337096 336467 340644 341274 338847 338167 339445 338657 338270 336584 336169 335346 333401 332057 333204 332909 331170 334119 335556 337632 339230 346093 345619 348423 349577 348501 349668 351196 348946 349018 348306 347380 345978 342937 341954 339895 336061 337680 339494 339312 338839 340728 343195 344910 345932 346145 348297 350046 352321 352813 352322 353942 355092 355117 353431 354847 
ASAT: 0
353814 356795 358350 359210 358461 357950 355217 356201 355189 352905 351129 351833 350448 350672 349622 347699 344664 339439 335961 338702 336750 340170 339621 339916 341226 342265 343614 343082 342285 342691 343018 347817 348430 346853 346714 346021 346996 347898 343877 339725 340933 339863 336417 340371 335952 334361 338083 335667 333999 338396 340116 341106 346983 347186 347752 350234 351748 352677 353325 350993 348975 348901 343458 342669 
ASAT: 0
339530 346359 343147 339319 338777 338632 336838 334884 332191 331010 330571 331416 333771 334811 337062 341026 343237 344062 343511 344363 343503 343229 342274 338275 334886 333603 332588 333674 332578 332252 331021 335751 337802 342489 342801 344328 346296 344993 342842 341462 339017 335845 332353 331446 328692 327871 326381 326432 328281 329887 329362 331863 333977 335579 333828 332406 335945 335838 333541 330519 328528 322152 321573 320302 
ASAT: 0
317732 321693 319625 312092 308497 312949 313670 314793 311754 309506 312386 317898 317719 321004 321983 323578 324768 330968 328054 327633 331580 333092 334652 328838 323846 321962 326646 323946 321075 319278 320401 324823 324714 322578 320838 320823 324290 323664 325583 326357 330349 331461 334134 334646 335638 333782 333581 331512 330538 327039 326583 326281 326992 327194 326253 325872 328190 331234 332861 334533 333896 332437 332907 334473 
ASAT: 0
332885 333107 333301 334817 334346 332802 330617 328193 326369 324678 325918 325168 323941 321159 321297 322969 323789 323766 324400 326613 329049 331416 333670 335051 335923 334635 334616 335075 333396 329983 327090 326803 326697 322886 320556 317592 319278 319374 320779 321470 324431 325773 326783 328573 329640 329808 331219 330073 328869 327064 326529 325311 324117 322209 319491 316786 316022 315147 315626 315444 316339 317870 320578 322385 
ASAT: 0
322856 314519 316227 316526 317446 319804 322300 324534 326040 327592 327701 328098 326675 325514 324673 323025 318970 317062 316353 314955 312599 310177 308900 309508 310553 309077 308494 309630 311577 313677 315614 315102 315800 316136 315204 317454 319137 316994 313780 310889 310721 308612 304970 302532 301994 300646 298030 297934 294970 294734 299018 303884 307479 310479 314528 314451 313317 312065 317110 313859 311418 309421 307583 303201 
ASAT: 0
304170 312450 313448 312370 310058 310353 309460 306712 306007 307051 304340 302893 300700 299551 301908 305814 307762 305026 304739 307252 312689 314477 316710 313909 317003 316502 316592 314030 310661 308076 310117 308572 305176 301872 304637 305050 305237 302384 304430 307510 310298 309143 310357 309953 310190 309954 307702 304538 300719 305133 305746 304989 298313 294949 296969 298798 298835 294082 291784 294403 299903 303762 302654 296388 
ASAT: 0
304037 300533 299720 296946 296122 297191 299800 305585 306622 304341 297490 300856 300965 298893 293087 285148 284705 289799 285791 281060 279746 275988 268502 267126 268323 271224 268840 270554 273412 277595 283341 284005 279596 283727 285329 285965 281829 283186 278899 276989 276239 278919 282334 287411 284859 284850 287339 291228 289137 290013 291677 295889 297260 300216 305117 308392 309837 310717 307471 306884 307218 306751 307156 302719 
ASAT: 0
298364 309383 305259 310217 310157 310023 306282 305834 305803 304536 307671 307043 304580 304949 303505 304764 302849 300422 298816 303043 307460 305989 307420 308516 310802 309356 301866 293568 298541 306883 310382 304052 308178 313785 315567 312999 311727 308178 304952 307844 304824 304121 306114 309758 310689 306087 304810 306298 307285 306188 300777 296725 302767 299552 301986 298863 297202 292834 297497 298964 290714 290914 295841 294964 
ASAT: 0
294740 295863 295227 296935 306146 309412 308434 309242 318250 324765 329723 325950 326104 323114 326266 323936 318948 310633 316351 317798 319049 311912 303648 299521 296901 291674 286073 285663 285998 276189 268384 268203 275061 279677 285692 291983 299354 307919 309561 308449 317205 319156 320892 318627 318336 317779 324041 322594 321835 314310 312095 317693 321504 322498 316370 310970 304982 303439 301066 308941 307682 314397 314029 310830 
ASAT: 0
310398 306124 308192 303535 297618 296719 301651 312420 304167 304680 307193 314039 313666 307642 298881 298632 297442 299483 304260 295570 299451 304496 298373 287097 273980 288960 291845 295779 295856 284532 282251 291815 291955 305917 305719 298874 301206 306048 318996 319662 314835 316189 317812 312614 313365 311214 299210 298289 296375 304038 303620 300648 302006 304055 302096 296966 294371 297620 307991 311656 311883 306176 311147 312109 
ASAT: 0
308369 308964 305405 302764 300314 299624 316253 320799 321114 319266 315350 321332 328421 332089 328548 320200 320179 315294 320777 319918 315372 307304 310790 311263 312454 310511 317364 320116 322674 323539 327937 327694 333657 329246 327647 325415 330526 328036 322016 318393 317665 320886 325501 317145 316335 316920 318863 315993 324580 333277 329543 331154 334365 339753 342073 346313 345199 341876 340577 341027 336521 333399 333634 336048 
ASAT: 0
333481 340495 336343 333878 333592 336892 336229 332838 327594 326569 330227 328693 322330 314639 318927 323604 323956 323411 318021 321657 325943 327749 326905 325214 322767 321586 324373 331410 332665 325628 318224 317712 326672 322402 310996 297806 303289 311136 309753 310402 308245 312307 308392 313082 313864 314337 308564 318654 319894 316197 314847 319089 314050 315435 319911 313695 309348 310803 310795 311603 305567 301209 305690 302931 
ASAT: 0
307698 316248 311360 308333 312479 311768 314100 314929 312480 312240 314658 312832 316408 319387 319866 318698 323738 319432 326806 328428 326348 321507 321400 326990 323777 322220 325722 321290 318470 320173 322776 323312 319096 318138 320896 326247 330381 326629 333108 334114 333649 332857 337471 335164 329550 321282 324329 320973 318666 317157 306719 301060 300725 302412 293913 294130 292544 279710 283547 289516 286059 270012 272246 282085 
ASAT: 0


//---------------------------------------------------------- measuring state -----------------------------------------------------//

176243 173717 167863 164334 160929 159261 157651 158683 159139 155369 152029 151447 154912 159260 159911 160769 155645 150334 146175 139606 139055 141415 141129 136949 128652 127588 132555 134040 130121 121268 112256 111293 125975 144716 157844 159536 158968 162964 169549 173527 175694 182115 194751 203456 207053 207128 208329 210702 211025 214820 224337 230053 227063 223951 220156 217482 221002 226245 230305 235601 235289 229860 226453 226829 
ASAT: 0
224504 219961 222511 225333 223329 222315 222116 221089 218802 222054 225529 222927 218965 223060 232315 234684 226076 223640 230084 239244 241717 240288 240405 243832 247629 252079 249219 242097 241751 246482 256138 263269 264268 261618 258668 256548 253922 251447 250476 251650 255164 252498 248297 249039 254059 253509 248653 249871 255322 261161 261373 261053 267435 275160 276328 278350 285191 291668 292902 295141 294148 289687 290572 294510 
ASAT: 0
298434 299095 299242 300166 299855 296576 297049 301661 304641 302200 300358 304746 308304 307884 302370 301963 309683 316059 320333 323083 323356 324787 328273 332324 335726 332872 326852 324460 325378 325276 323662 327246 327715 320242 317710 327306 337810 344884 353296 360254 363639 366351 375315 380070 384928 392042 1 131230 131835 126219 119930 116963 114772 112235 111722 111866 112706 115766 117223 117323 121966 128125 128359 127013 
ASAT: 128
127797 127012 120672 116584 121915 127694 130225 127634 120632 115440 115996 115817 111543 109169 108014 112816 120707 126204 129462 132348 132902 131947 131648 129824 127309 128898 130115 128937 121303 116113 113990 109026 104190 103927 103189 98401 87948 75999 64086 61251 58818 57841 56339 54441 55879 59587 56347 48500 44660 48158 51692 50538 48645 49665 53342 2 320719 318839 321252 323018 322337 316937 313345 311725 
ASAT: 0
313882 309488 302323 296896 296310 292346 285627 283720 285376 286186 282735 274658 256529 261158 265221 262014 255071 253443 251443 249956 249113 253172 259147 258062 251598 240110 233812 234271 238044 236644 236747 237558 232334 230580 232079 233136 230215 227344 230914 221476 219079 201991 189329 185626 184726 183693 176099 166141 155780 151684 151735 151653 145688 135711 129154 128998 131923 132082 126521 125627 126923 124860 117675 108067 
ASAT: 0
107714 113579 118728 121814 124263 125692 127274 133313 140276 147344 155654 162276 164001 165726 168883 172823 180848 187990 193289 194104 195151 199451 199090 196412 195950 201723 209554 216119 212076 202599 201588 205776 208716 211768 211001 207280 205173 206313 207830 208391 211874 216148 212791 212550 213502 215551 215993 212316 207333 211303 217760 216965 211923 208973 210429 217297 220739 220499 214099 217897 228102 229850 228395 228081 
ASAT: 0
231747 233947 233764 232981 237804 240538 240893 242351 245059 247685 251798 248918 245109 247712 251375 253252 248130 245060 248218 250779 247517 245000 248183 252608 257068 257868 252608 253035 258157 263417 261505 256219 253036 254277 257861 258370 256622 259118 260947 264161 263774 261777 258389 258985 259197 256977 252501 251891 251825 252995 253402 251275 245628 244153 245028 242824 236623 234435 236347 239637 239912 241935 243840 243737 
ASAT: 0
240718 237042 236065 236207 238832 240050 236702 232686 227152 222999 224465 225765 225523 225528 227698 226842 226346 229588 232908 231244 233260 238538 242026 245467 244090 246508 250983 254333 255254 255347 253814 252372 255585 261205 260567 254516 247587 244596 249686 253809 253601 248788 243809 236871 229347 225887 226986 228785 229759 229049 224613 221601 217990 216594 215030 214391 213432 213362 213545 210658 208767 209071 208825 207316 
ASAT: 0
204189 203495 203619 205021 200252 194015 193186 199654 204315 202119 197786 198865 199845 200883 202608 207242 205361 197636 187482 185104 191846 197887 194416 187084 180854 179651 181076 186358 188122 188758 190569 189020 180599 171027 168913 170999 176615 177162 169750 167487 169812 171122 169682 163782 164446 174755 179976 173328 132186 129760 136031 141406 142304 140399 140291 138851 137407 142104 142285 137761 132775 130742 125543 115167 
ASAT: 0
109895 114090 114348 108231 100922 103435 114813 116544 111851 116284 131818 144609 154488 158325 153621 148247 154634 166988 171076 161586 159014 163701 165299 165060 161011 156545 161367 168443 170861 162730 161830 168055 166721 162501 162723 169521 176601 176725 173199 166488 164210 168434 174375 175208 172766 171019 169674 166205 167672 175152 183639 188087 188445 193355 195579 194135 191346 192890 199603 204175 203285 196825 195350 204147 
ASAT: 0
211491 215145 218408 221066 219145 214629 213143 214196 214954 216922 218277 213762 206380 206024 212602 213963 212785 213268 212225 212848 211183 208271 205245 212641 218712 218129 214648 215604 222564 231079 235922 235521 234554 238782 242606 244020 245022 246402 250406 255523 255748 252404 248146 245365 247627 251929 256743 256540 254258 251235 251067 255025 254550 252324 250793 253945 262476 272574 277707 277382 279522 281350 282035 280399 
ASAT: 0
280640 279404 279169 279379 278465 276696 277404 280973 284290 280388 274739 273427 274442 273078 271344 272024 275001 277020 277884 271877 266156 263742 266665 268485 263506 255966 249456 246430 242630 242328 241570 242146 242482 236621 233371 236027 240876 243439 242820 240520 236429 239961 239446 238667 237375 236970 232801 226447 217139 211153 215594 219107 216800 210135 213474 223188 226577 221418 217581 226002 233824 231508 224598 220438 
ASAT: 0
221884 220891 218556 213747 211102 210067 210431 213196 214004 209550 208837 216854 225560 227753 225064 223731 224621 227343 228623 230098 220600 217720 214778 217937 217972 216788 219741 218676 212473 212341 215002 212717 210279 212149 212340 208941 203203 202007 208440 211868 207728 195638 186199 186178 192205 194299 192983 193803 198814 202944 202572 197990 196332 200133 205410 205443 202238 199427 202114 201962 195885 190167 192490 193379 
ASAT: 0
189675 186537 175899 164538 158334 159546 164167 161389 154050 147790 145635 141214 132956 131370 138788 140961 136043 133365 137770 139003 122402 119106 122425 129685 126353 119484 118564 124061 126382 123039 116731 115236 121130 127873 137306 151336 166011 176946 172307 165426 169856 178694 179115 166921 153323 147311 143623 146903 149987 149598 147256 143016 144823 141467 144533 153881 161180 160463 164389 170429 170291 162155 158863 164100 
ASAT: 0
167722 163435 155126 151895 150198 152203 154202 150455 147340 147340 149816 146499 140371 132336 126719 123814 123463 118043 113800 113491 112031 107782 110713 114855 115380 112443 105527 106740 119594 128185 131343 135465 143118 149287 152591 152276 153050 155780 158293 161951 167798 165152 159034 155305 155162 156556 157609 152531 140277 135697 141694 144772 142450 144423 148602 147443 149873 149699 143369 141814 145233 147313 144163 143068 
ASAT: 0
148947 152870 154363 157855 162776 161236 158755 161169 162326 159494 160800 165781 164994 162137 160333 163561 164945 163263 165328 169405 174929 178783 175335 172240 179685 185171 181626 179448 179393 173716 168246 167788 167309 163763 159452 157546 158684 159974 158335 155397 154906 151899 155209 158860 157921 155360 161494 172963 172306 160791 158579 164582 168194 167321 164190 163532 166044 169787 168269 161177 161474 169311 174573 170769 
ASAT: 0
173194 178455 181970 186264 188892 188700 189559 192645 189499 185711 178720 177116 181086 185517 187306 186469 183037 174128 167463 165924 166975 164005 168396 175596 174594 164341 156072 161445 178000 183824 165027 150001 161729 187020 194199 183374 177305 179782 184670 175455 159009 158539 174197 182101 175046 168159 168562 173720 174944 171775 167049 167731 169030 167602 167928 173035 177295 174424 170101 174125 177387 172321 166921 168897 
ASAT: 0
172433 171941 169058 164786 164929 170541 175589 171329 170078 171293 175789 176007 171499 169632 168178 166025 162605 159912 159475 161304 162043 161083 161173 160545 156812 155936 161095 169392 169915 167239 166224 172238 178520 180101 176026 175619 182042 184987 184287 183659 188508 188924 186504 183939 178247 174381 173986 173816 168943 157965 157497 162461 161215 158195 156617 156244 153596 150829 149135 147390 149352 154509 162136 158852 
ASAT: 0
147120 136687 140326 146099 146754 143155 138791 138293 145124 153383 153476 150004 151807 152550 150984 144796 142921 146763 151253 146584 135281 128112 127274 132900 138127 132520 123428 122886 127698 127225 118948 109614 108524 112155 111342 104769 100346 100637 99266 92464 88052 86716 87270 86226 84805 89685 97745 101916 102936 109354 118990 124648 128051 129083 130533 130366 132575 137073 138457 133539 126835 123211 130130 139130 
ASAT: 0
140331 135064 133182 137289 141916 139761 134752 139874 150060 152122 146594 144209 150390 155675 157065 152572 148633 147867 149953 150809 153385 157153 159227 155650 152860 150667 151583 159016 163391 159931 154323 154693 156957 158588 156611 156505 161228 165409 168675 167366 162392 160632 164772 170100 174012 169891 163967 160884 168218 176436 175351 169806 166777 171654 178960 178142 168050 164182 172566 180394 177193 167799 158593 162556 
ASAT: 0
171621 175320 168698 167023 166742 165342 162782 163431 166671 173818 181695 181669 172764 167394 167116 169661 170656 167867 162753 161173 165020 168498 164955 161018 163187 169692 172871 167832 162796 162548 165897 165871 167045 167847 171493 175975 173792 167470 163274 164615 169030 170673 171408 174897 171870 165757 164809 165711 166048 165101 166962 167195 166314 165143 165277 168573 174739 181624 187298 184961 176663 174279 178477 180966 
ASAT: 0
179219 176719 177577 180788 181418 180146 180194 181664 180449 180928 182563 183799 181686 185357 188137 186394 179654 177848 180958 184270 181922 174212 168683 170506 175404 170083 156685 148436 152449 159903 161692 156875 155044 158103 163860 165408 157090 153672 162079 170484 168179 159065 149881 146581 150134 156092 157977 151448 143801 141666 143856 139433 131884 136428 146246 146479 142451 143895 148168 146768 144167 148508 153121 158309 
ASAT: 0
156590 151882 147281 147947 154826 158375 157367 154629 153712 153643 159503 165529 167665 175954 180723 180112 181600 189055 197091 201952 199887 201519 207174 212166 215476 217385 218768 224035 231247 238317 243226 245125 246877 248051 251843 255553 250619 236651 225939 224479 222782 221089 222192 223447 221407 221552 217332 208661 206244 211013 209711 210327 211016 205452 198857 199740 204611 203900 195079 187428 182702 182778 182336 181633 
ASAT: 0
174587 169966 175205 178645 173710 171083 175118 179363 174823 168860 166996 171562 176233 172601 167220 168532 175131 180118 181462 179897 182409 182581 182552 180758 178428 177777 181460 185370 185072 184342 189882 195380 192611 187760 186027 188635 189940 186856 182842 180858 182325 186383 183553 173525 166984 172216 185063 190016 181098 165107 161611 171053 181257 182919 177397 170714 168047 171635 174896 168646 153800 148878 155061 158265 
ASAT: 0
151462 142386 143770 150199 156855 156704 149453 147614 163212 177188 177440 166920 157347 155059 156309 156211 149783 150893 154718 159608 162101 160938 156963 155579 156083 157918 159065 156131 152944 152513 156019 160389 160413 155386 154235 158047 159724 153310 147857 147977 150883 151039 146157 135452 132215 138313 148323 151214 146269 138303 138466 144639 146737 145510 144651 152805 162090 161302 150943 145294 144607 152342 161085 161833 
ASAT: 0
157030 152621 157622 163411 163293 159718 155423 154129 159643 165687 163928 157631 156967 161341 164695 167654 166843 161305 156214 156560 163067 165342 160080 158311 162687 165267 160912 154704 151097 150767 153969 159595 157797 151721 149568 154426 155726 155925 155451 154223 158447 162359 160160 155451 155527 163348 171033 170808 161642 152762 153759 160376 159651 149886 141679 142740 144768 142840 136993 134796 136197 135375 127511 118979 
ASAT: 0
122768 132408 133304 128395 136600 151797 158745 151322 138208 132046 136452 140814 138437 133400 135613 138218 136234 126205 118367 120261 124607 123661 78910 64093 58238 62543 70062 71520 73137 76720 87099 94424 96596 97709 101607 111301 119280 124326 130956 134540 133058 128412 127242 126573 132974 138451 135626 129924 129271 130796 134572 133820 125997 118028 125178 136140 138450 133101 129405 132410 141679 147219 138896 127696 
ASAT: 0
130183 141024 151902 152709 144907 137184 142673 152211 157153 156148 152477 156207 163958 168460 168252 166912 173775 179503 181882 178554 173240 175077 179654 179713 177212 174591 171588 172800 175099 169387 161921 162668 165632 169814 169374 162149 151109 150476 156926 159669 156086 147755 148162 157247 167288 170953 169362 165866 167804 174356 180236 177918 169657 170499 179026 183754 181915 179029 178644 182267 183215 177389 171417 169842 
ASAT: 0
173471 173244 165783 158588 160896 167206 172030 170045 165033 162085 166608 174789 180806 181104 180246 179914 183336 182672 179076 175449 174433 180084 179056 170874 165016 167133 175660 180019 177823 171113 168987 173233 176497 177660 179841 182743 186339 189289 188184 185026 183576 186488 192543 194408 190944 184525 180590 182035 184953 182112 174572 170884 173230 174324 174800 176093 174789 172820 173908 178486 182141 180089 174254 175811 
ASAT: 0
181246 183281 182444 175974 173387 172987 175436 173411 172345 172336 173204 171694 167307 169421 176374 181312 181499 179127 174690 171167 172159 174797 172207 164254 160210 163591 167588 170228 165915 158525 155270 152770 148603 146846 138766 127562 123953 131749 139924 137850 135425 141693 152536 158575 157321 154149 156854 166747 176044 177343 170217 168056 176441 185405 183479 173253 165345 172889 179965 174945 169565 167778 164775 166567 
ASAT: 0
168554 164346 161291 165334 167904 163924 157230 159948 164950 166094 162025 159676 163243 170630 173668 170549 164836 163105 167741 171168 171912 164236 159667 163251 168177 163828 157165 158415 162873 163509 158222 155135 156816 160620 163978 162305 158270 157459 165939 171667 169175 166223 173013 183492 188209 182702 171289 166718 168259 168014 173379 183226 183562 188658 183269 175475 174163 176757 179821 173327 160492 153660 155236 158422 
ASAT: 0
153489 142928 134692 135195 140983 144734 141382 135389 132779 136256 140209 135925 127084 121661 105771 89876 80996 74071 74003 84592 94810 100794 111693 120713 121553 124007 128433 133399 141723 152004 150797 139110 131640 135476 142534 144087 134137 124081 123803 129065 136566 133474 125884 127430 137450 146186 141900 128291 124368 131833 141493 138668 126881 119335 125095 129311 121611 112579 112584 121745 129667 134205 140459 147146 
ASAT: 0
146094 145185 145777 151142 153105 152364 152353 157684 159833 154438 145625 144496 146965 146672 147526 147784 144824 140655 141467 145041 151285 156366 152624 145953 142729 144343 148103 150869 152270 153245 150024 149080 152164 152131 151179 153471 153840 152234 147821 145149 151111 159397 163590 158336 152778 148126 147874 146895 147392 150645 151512 145783 144402 143263 141682 144302 148081 148414 142073 134969 133140 138432 144277 144057 
ASAT: 0
142394 142379 144886 149070 154434 157022 152344 143697 144059 146463 145745 144571 143938 146504 149747 151355 149606 146535 143127 143353 149209 152288 148163 146782 150044 150749 144658 142473 144759 147286 152542 156476 153397 151191 153005 159562 161275 156122 149785 153779 157485 159508 160627 159857 159747 158637 157743 161229 168931 171261 164263 157959 158036 161243 161768 153169 143689 140341 148962 155588 151494 143260 142753 147784 
ASAT: 0
149612 147553 143226 143606 145369 146375 146095 141185 135686 138537 143485 140793 135732 133116 134806 135518 136658 137453 131341 126891 130404 136550 136005 130559 129670 132086 133441 131045 125091 121484 124875 134099 138226 132738 125596 124173 124912 125720 126336 126084 126354 128952 127705 125362 122149 122175 126981 133771 134317 126346 119455 123861 131154 133996 129389 122965 120182 125295 129090 124572 114281 106625 106882 109851 
ASAT: 0
109680 108218 105130 99909 96360 104754 117202 124068 124588 124434 128029 133875 134980 135289 135631 131617 128803 127441 129280 126631 118257 118586 123199 123297 116489 108384 110483 120331 127330 121534 116031 117357 123701 126708 120675 113424 112433 117594 119356 121462 123779 123906 120711 117820 115171 110653 109396 112395 112420 111058 109500 110984 115879 119942 119599 116402 114904 115932 117088 118798 117708 119403 126223 136869 
ASAT: 0
139244 132368 121146 118982 126813 133100 130009 128489 136033 141287 139408 134643 132203 135078 139723 141873 137679 128707 127574 134161 141525 143644 139462 136563 140576 143717 144505 142249 140062 142426 148886 155691 156798 153100 154453 159778 159505 155909 153847 154629 159657 158967 153091 147521 149202 153498 148596 135515 128427 132424 141409 143616 139947 133494 133832 138797 142729 143157 142464 144140 147701 150963 150324 142324 
ASAT: 0
134924 135559 138000 133536 128122 126712 131201 136299 132144 122509 117830 123937 129534 124362 118157 119982 125774 129533 129241 128458 128379 130779 135396 139382 142643 140815 136843 132631 133308 137574 141622 135558 132467 136890 140400 139034 136248 136424 135782 137662 136876 136056 130892 128953 133847 136425 132454 126905 125868 130440 134631 136134 134281 132763 138968 145718 143579 135168 132926 135173 140197 140415 136505 135564 
ASAT: 0
140383 143882 144731 142266 143370 142863 138431 133617 130777 126983 128778 138390 145305 142695 138820 145548 158541 165133 160057 154656 161376 170192 171917 166340 162758 165856 171251 170690 166767 167981 173047 180398 177472 170969 168196 169798 170311 165673 164787 168052 170500 165721 152467 145227 146923 153360 157466 157386 153399 156776 163356 161170 154716 153829 161551 165076 159909 150178 143786 146599 151781 152383 149957 149582 
ASAT: 0
151404 153467 153781 156154 163307 168335 169741 169747 167670 165784 166553 170080 167941 158601 147551 147143 151254 150439 140561 126626 121405 127604 131374 130487 134938 145276 159151 166540 168874 170266 171743 174054 174062 175742 174274 170136 166778 162949 161856 156501 145206 139609 141085 140665 138720 135093 130870 126405 126701 132750 140565 141280 137876 133666 135200 144796 149541 142296 133353 135330 145460 148785 145319 142305 
ASAT: 0